-4.839687248069791115e-01
1.175739857600800464e+00
-2.368787352443823213e+00
7.485775415616641171e-01
1.176366106508276582e-01
3.160887632733741515e-01
1.483751005922754995e+00
-9.763196969310626860e-01
-1.308781042267176176e+00
-1.080966626755624382e+00
8.950319483045923175e-01
-1.365419105763653773e+00
-4.537006894190685480e-01
-4.428222304275811205e-01
1.204112737047318360e+00
-2.138627904145091740e+00
-8.455791043251527084e-01
3.240955243517759654e-01
5.674221986567752340e-01
-1.608856943188180288e+00
5.050993698452251879e-01
1.404133589332120957e+00
-2.151158140247565687e+00
-1.510724742192790293e+00
-1.029023149924589209e+00
-1.022413444673814675e+00
-4.227773449845572684e-01
-4.838334792204367907e-01
-8.175878120339429289e-01
7.307383223127479344e-01
1.985712167551644036e+00
-1.548506719119309372e+00
3.468345288033271023e-01
1.253294068101615533e-01
5.629036070915697243e-01
6.187365909733537617e-01
8.741158191653032317e-01
-3.972571841160624229e-01
-1.163740105300243410e+00
1.464365213490532724e+00
5.198125523722408881e-01
-3.983584315406223930e-01
-5.645449686567329817e-01
1.614667154540401217e+00
1.706372765038036254e+00
1.092007821426122627e+00
-1.227847844919575104e+00
3.135064002591259613e-01
1.472765644072499880e+00
-4.105445545360682930e-02
-5.616793520572536114e-01
-4.936454088802349482e-01
-3.096169341786663698e-01
2.180451616937987003e-01
-5.221348279690870564e-01
-1.141794916164534657e+00
4.105969367126214298e-01
3.829709299920089349e-01
1.619566881522346069e+00
-1.777999255310471205e-01
-3.311017801195782762e-02
-2.396497948916731957e+00
2.207706211760251058e+00
-2.006563883779301616e+00
-1.194955277712851149e+00
4.180173622480995999e-01
2.601913959524172482e-01
-2.511129495594816574e-01
1.004561307354346011e+00
-2.438823648500004770e-01
6.385805228040958292e-01
-2.164313211663118075e-01
-3.876321748948154122e-02
1.084550139536402336e+00
9.224699567423588764e-01
5.659524866178327063e-01
1.649603137155547739e+00
-1.240022112217098016e+00
-4.867415665370112277e-01
2.175694104985443023e+00
-1.129372224714134676e+00
3.992342263266241975e-01
-2.396525474580653570e-01
-1.160612583108439289e+00
6.269073570660905759e-01
-6.391568714580360133e-01
-9.164366545519092577e-01
-1.102036990181257392e-01
-8.111195413553703437e-01
-6.080344193468422143e-01
1.262661361704246810e+00
2.178002619367913062e-01
3.423075402220200347e-01
2.170617667820997632e-01
6.442968917619814606e-01
-2.260736566749857457e-01
1.920182539978400271e+00
6.752944258448264625e-01
6.678460430686499194e-01
7.255161057807739677e-01
2.282361436967625112e-01
1.023013585211691306e-01
2.395887203576715141e+00
2.717060730700504023e-01
-2.165347522565503890e+00
-4.868943330773818357e-01
7.713847088321734713e-01
1.262178171848401531e+00
-2.185283731766310134e-01
6.592767404348647275e-01
-1.995242472969240843e-01
-3.541155349452478895e-01
-1.244026302979915968e-03
5.467629676303900066e-01
3.624080257443093034e-01
-4.012709676727698738e-01
-8.012149953999547769e-01
-1.387703094132889531e-02
-1.136124317078208046e+00
8.432400909631496688e-01
-8.961469567945393733e-01
9.043018348215611235e-01
1.216158270925445484e+00
1.330101713593428769e+00
2.203915959743177333e-01
4.628174059782946270e-01
1.261355762883161757e+00
1.080989413390904375e+00
1.210996471085715065e+00
2.803839528797950620e-01
-1.082972030486984094e+00
1.612691577202472470e-01
5.698797461563185340e-01
1.420429510293388375e+00
-1.105773113625334592e+00
-6.807493924078831249e-01
-3.302674509739514375e-01
-5.510713446512336411e-01
-6.054502415937349502e-01
1.176614554247719102e+00
1.387125690037233350e-01
-1.349553667764499698e+00
7.399303198982226659e-01
-3.457849740093500990e-01
1.130428037692629284e-01
3.699636259551622453e-01
2.141329820945429230e+00
2.450221283054400956e-01
6.734180244691295725e-01
-3.365878241325614417e-01
-4.820288706317856220e-01
-6.233478513318390091e-01
-3.842767903320519762e-01
-2.400096206689535716e+00
-7.120401250169202667e-01
-3.923624694271926616e-01
8.317387395177561205e-01
3.482956048438477503e-01
1.040176490744474380e+00
-7.688640658011771656e-01
2.338761590495530285e-01
1.491607498235006490e+00
6.976314745528677808e-01
-7.732122146937127072e-01
-2.482339071314113355e+00
-1.954059249214545213e+00
2.725679394900877295e-01
-1.634363485452905440e-02
-1.614797916771509190e+00
2.637052705016010190e+00
5.588416539423880502e-01
1.419856862408311216e+00
7.505683059523223788e-01
-6.264753751495995282e-02
-1.540698147262400397e+00
2.713350520466731308e-01
1.575790899594921579e-01
-1.425417349383756527e+00
-1.106789663547614322e-01
3.250931385566678267e-01
1.269746034920330224e+00
-1.261628933108087103e-01
1.619743286897621148e+00
3.005226197843834102e-02
1.709322157634105832e-01
-1.157815617180405043e+00
7.061340409141627639e-01
2.102540179658055397e+00
-7.724070591728247892e-02
3.658972918955619713e-01
-1.510425525187002460e+00
5.742783593445264234e-01
1.152304415873089960e+00
1.146537980499835463e+00
-1.556921163863060675e+00
4.573945441272851409e-01
4.004346204584309787e-01
-1.267607712131244568e+00
4.995128349542379831e-01
-5.454222320911310540e-01
1.623489915055787436e-01
-1.751971145298741317e-01
-2.675864289033487720e-01
-2.202024889800281715e-01
-1.351905073595941920e+00
-2.620489559673427893e-01
-5.979810729295063076e-01
-8.952819173051776991e-01
4.204658317115672617e-01
1.391774078121905456e+00
1.284695145462514621e+00
-4.244179438431633922e-01
-9.989566607176422197e-01
-2.996727612925644824e-01
3.541480494313320460e-01
1.301646764945914914e+00
-1.818554350240353390e+00
-5.825483542714371410e-01
2.002931588503611859e+00
-1.331768218906597578e+00
-9.177867749498619387e-01
1.792520684910799300e+00
1.817658694813043541e-01
-4.363319726723154379e-01
-7.705812610177231736e-02
-1.753874947664362249e+00
4.800612660962343993e-03
8.552655121176493125e-02
2.281696510970103731e-01
4.194463737047113283e-01
-1.168915757620338614e+00
-1.198412955514154499e+00
-2.641215489376991798e-01
-3.989888655460370193e-01
3.020535926279841465e-01
-1.485063498816417082e+00
-1.742772113936384315e+00
-1.146656078255862271e-01
-1.718061345283630637e+00
1.169749874218921404e+00
-2.172968542025762728e-01
1.358736182901538081e+00
-4.191780106821845209e-01
8.024818425216357909e-01
9.027275180780804931e-01
1.198943065207331571e-01
-8.597212244788111635e-01
7.718027069797451789e-01
-8.035507677684914363e-01
4.472335363284225540e-01
-2.032833247062349746e-01
8.445953441390106065e-01
7.120354250696521170e-01
-8.785668291183637013e-01
-4.743644492307725336e-01
3.902628014898992803e-01
1.525286265933188945e+00
-6.082714010073566602e-01
-2.406562684861934809e+00
2.298883006704319221e-01
2.333669511034845989e-01
1.501170439663221057e+00
-5.552212205296633285e-02
-6.593041668488257567e-01
1.869055261661357603e-01
-1.514464669072419500e+00
-3.091700520765858773e-01
-2.746571149903777043e-01
-4.373146826012109245e-01
-3.782343613140465299e-01
9.714028119677126094e-01
-6.502098465690752116e-01
6.860649258409766693e-01
-1.033608961092056910e+00
-1.829512878599741099e-01
5.027701476223034316e-01
-1.651242301580942096e+00
1.255963312547243860e-01
1.308314640823858177e+00
-1.210057001803094695e-01
-4.597434274038475488e-01
6.559614405500918677e-01
2.288588670441779049e-01
1.402626345861959223e+00
-5.920526430111839877e-01
-9.917005281940425299e-01
2.769942248981657751e-01
-2.955910632036925501e-01
-7.528247736283113500e-01
1.377902331323378249e+00
1.328739500602218460e+00
-5.639004400738514278e-01
7.860547995366194973e-01
5.052463669927670376e-01
-1.250346894335275794e+00
2.717386618172871748e-01
-1.512580943851519755e-01
-6.260189872516936926e-01
-1.794465540731330078e-01
-2.876363353299923320e-01
-1.274802690986211351e+00
-1.431294731495981409e+00
-1.145732053273531559e+00
-1.501821013503370050e+00
-7.673552030132863022e-01
-7.434384594040583938e-01
6.300787526136061301e-01
1.484029236949504948e+00
-6.190776196088854794e-02
-1.007936987387979544e+00
-6.422518077690103633e-01
4.309625964144019883e-01
1.195031162176596107e+00
-1.301677069278024401e-01
3.252751718429735539e-01
2.586785476040943665e-01
2.015500393074098451e+00
2.728425820743220598e+00
-6.872219314453298367e-01
-5.519256403399102062e-01
-1.544462030660301188e+00
-5.463290779352930615e-01
-6.587549919481427985e-01
-1.108089771793338840e-01
6.082471825111486208e-01
1.139280719894990135e+00
-1.443497300703437736e+00
-8.398545053995893905e-01
2.485450804604401320e-01
-1.821590459927361572e+00
3.192911816469867770e-01
1.961859595006605339e-01
-5.056355018299611981e-01
-9.628910366329523907e-01
-2.501196585638705283e-01
4.353087844060360423e-01
-6.064924064560065498e-01
7.907949111700754985e-01
-9.803662415528175966e-01
-9.107680526100400131e-01
-4.040962775975746601e-01
-9.522510239491989159e-01
1.450377177068978007e-01
-1.195877358274157976e+00
7.881202837201154443e-01
1.533542086376018077e+00
7.560964558308659600e-02
-1.404810616078431940e+00
-5.799035718315942445e-01
1.636392020297919858e-01
1.664088759994978073e+00
1.961480556345609250e+00
-1.717548474656698687e+00
-2.256646075961528108e-01
5.133048049507248078e-02
-1.111180732658709480e-01
-1.767626801105160350e+00
-7.061504793456805373e-01
2.560171187417072391e-01
-2.101171818177776984e+00
1.402015164589998308e+00
-2.686288894425711060e+00
1.056313906139738856e+00
9.891143297297759762e-01
4.322864556996284247e-01
-3.270479005049443111e-01
-1.504766191091969851e+00
7.398891233432884906e-01
2.162851762865043714e-01
-1.975685118040865884e+00
-1.074275990128677361e+00
9.066827331517346433e-01
3.571490955705710069e-01
-4.396162357215782635e-02
-1.656138876240991487e-01
-7.996675289318208035e-01
7.619098045981421707e-01
-2.408366903084966371e-01
9.185337298649092208e-01
3.588682487341448568e-01
-9.546366527549076109e-01
-1.355598839442428538e+00
-2.091707456281161281e+00
-1.016564939127030609e+00
-1.401148297905247198e+00
-1.672092873422189041e-01
1.492025511491633649e+00
8.613229561656030597e-01
4.934087687017035817e-01
-2.679212195176927658e-01
-8.589221410236728971e-02
-4.889927387749973264e-01
-8.187813032998992879e-01
-1.419585680925694038e-01
3.928370821968898974e-01
9.158829969330763987e-01
1.262407074915229188e+00
9.010378279113510080e-01
5.182569238810734724e-01
-2.214578785029342189e-01
-1.737796014760356167e+00
-5.387485153431739171e-01
-1.230391232241670796e+00
3.800831664816181621e-01
-6.258630993876268533e-01
7.860692258629967677e-01
-1.129286574940558285e+00
-3.629407659595703661e-01
-2.204527688374724459e+00
4.349527354981769789e-01
-1.724768241253897383e+00
-4.375623553861434645e-01
-4.134018296000470105e-01
-1.493548625563788423e+00
1.368993002046784868e+00
-7.373943729793607238e-01
6.937101622389921785e-01
-5.637739868411733024e-01
-8.453843263788796136e-02
-8.521321501810481536e-01
1.554709691146190842e+00
-5.440391142080918119e-01
-5.525332247389877494e-02
8.446996119163825423e-01
-6.930283571139067567e-01
-6.749522710735194053e-01
8.228228028120759818e-01
-2.348228264992680447e+00
1.390339627095391606e-01
2.252161981449699035e-01
-9.629858533534216836e-01
2.046350308659786732e-01
-1.745210053915631887e+00
1.512369449603161664e+00
-1.430302807350383620e+00
7.968560958975229314e-01
6.715970873236734029e-01
2.527380787234820847e+00
-5.832338145506914540e-01
1.844749304805362922e+00
1.230241692931268588e-01
5.487365360330315189e-01
7.249968235384579573e-01
3.238585529026828391e-01
-1.606053340073743785e+00
-2.259714989418792896e-01
-1.220943653581008093e+00
8.934313447907035188e-01
9.604828401798601867e-01
-8.833458572130783448e-01
-2.072343495851794337e+00
1.136083132069285462e+00
1.510024283952189073e-01
-1.064238611870490292e+00
-3.638346045859329747e-01
-1.716018415217452464e+00
-7.475492458885513170e-01
4.578626860299468970e-01
-2.087814459836495384e+00
1.161946768436816324e+00
7.511101837564558847e-01
1.439697696604480770e+00
2.079073117971388940e-01
5.477814616797761493e-01
-7.825837692341603979e-01
-1.831721780357218998e+00
1.489516531881458217e-01
7.915260021685032177e-01
-1.462628696207010748e+00
-5.717600584699851218e-01
1.159351536130740268e+00
-9.528292685717094646e-01
-9.743446687604457868e-01
4.540733033302732369e-01
-1.036539010332058197e+00
-1.317617146852879673e+00
-1.169303865803202003e+00
7.940870987849137919e-01
-4.792306464820540735e-02
-8.191934497092308032e-01
-9.076201111173183567e-02
5.127116167175237438e-01
5.540432333905109807e-01
2.959005028530682369e-01
-9.158763107960028460e-01
1.046565068419224698e+00
8.886574881303650475e-01
-9.452813180153177841e-01
-1.093499115439895697e-01
9.837065981417487670e-01
4.695223309746964779e-01
-2.808835286786649510e-01
1.108444339896860864e+00
-1.649398940489180010e+00
5.084192918828989161e-01
-9.368248413223944082e-01
8.288510860327693575e-01
-1.507344277238788832e+00
-2.286170051711947926e-01
6.281660764401985064e-01
-5.024226379646664631e-01
5.273851547095275150e-01
-5.499194684379240528e-01
6.576252487586732309e-01
-1.848773049653568978e-01
9.936972075832047890e-01
1.628160972990844835e+00
-5.719027225289856631e-01
-5.920180040646968456e-01
1.149156210902867459e+00
-3.421432814313039028e-01
-6.559102703577170956e-01
3.222782445652803140e-01
1.414526084468250289e-01
-1.786971394249335932e+00
-5.621249503323090257e-01
-1.584051483328221099e+00
8.012758785499370928e-01
-1.060627782372578709e+00
9.883050564412941830e-01
-3.044158776598459570e-01
2.217246152967820016e+00
-5.913326997148840025e-01
1.237482084842433716e+00
-7.287358333048882253e-01
-9.158472626415329332e-01
1.873018416756430327e+00
1.538297148639417578e-01
-2.216675644449090099e-01
-3.136607704694928112e-01
5.134171889908561992e-01
1.071230145845319059e+00
2.881026716761854178e-01
1.041364035049006098e+00
9.912885364480821249e-01
1.137884971675754864e+00
-1.489250533143514355e-01
9.992440594168878754e-01
9.837698063954275485e-01
-3.215604215783516850e-01
-8.350767712542407351e-01
-1.822300426855778976e+00
7.022807318680908406e-02
1.344330330259901007e+00
-1.032732475024511487e+00
-8.416374175748171371e-01
-6.284619067210234222e-01
-1.116067184239905585e-01
2.475250592833297403e-01
-1.624245943600923781e+00
-8.195061964207276395e-01
-1.068718295603411805e+00
1.104091377914569350e+00
1.548894600225022011e-01
-7.342316109453376205e-01
-7.289931026765160693e-01
-6.404664734338665344e-01
-3.383110298382940861e-01
-1.036081442452514212e+00
9.218984701646425473e-01
-8.306305238084197295e-01
-1.111845656270211258e+00
-1.265395330744444546e+00
-6.912531837478549379e-01
2.063255674279036445e+00
-6.927625664218928225e-01
4.813950202808769396e-01
-1.853187725528348428e+00
-5.742945514279064190e-01
1.057648240499549086e+00
8.435969072479886366e-01
5.667614217652630071e-01
3.696606828208758300e-01
-1.223515322034708142e+00
6.465713084070716654e-01
-7.263777177968171461e-01
-1.348247568590593248e+00
-2.096878626332047413e-01
9.981757770140330388e-01
-1.006096015769117891e+00
-1.686781486162738375e-01
9.157531947770336522e-02
-3.077744529101788529e-01
5.139662142292028557e-01
7.841841812871334916e-02
-5.798756298585895363e-01
-1.228315333832616374e-01
2.062802894845227719e+00
1.322698897030759602e+00
1.432197067803987478e-01
-1.823763561268015587e-01
-2.004551439554488335e-01
-5.806629386937299797e-01
-1.300285155979573892e-01
1.761588984419976356e+00
4.744348997597150341e-01
-1.655589857836280432e+00
-1.096551954713005816e+00
1.021321896770072124e+00
5.111436049082141997e-01
-1.125197966649328918e-01
-1.029894074290260031e+00
1.019486252039497609e+00
-6.379493482368531199e-01
-1.068500397852136102e-01
-1.286113734729390057e+00
-1.009570647338203564e+00
4.691764520244386949e-01
-3.060615624168819271e-01
2.189990129708433431e-01
-7.483087925214392255e-01
-9.053854091082133015e-01
6.182491039971689251e-01
7.740969881729646840e-01
-1.520242920226531735e+00
5.124992128896682653e-01
5.786491078740975125e-01
9.458839916373484868e-01
4.665391373195711400e-01
1.196378442310773171e-01
2.488670149186907044e-01
-1.047066537240559425e+00
-5.288952025532752677e-01
7.237029328459108901e-02
-2.189562911149058877e-01
-3.616063788099405096e-01
-2.816344785492412850e-01
-1.025275265811181447e+00
-3.358244727539684837e-01
-1.173755721976330380e+00
-6.241000948462898101e-01
4.858941364776307448e-01
5.075733462205268137e-02
6.640216223618887748e-01
1.885350992258694736e-01
-9.399111436349175674e-01
-1.072861153219161867e+00
9.912402129940263151e-01
-8.078964894702245214e-01
3.950074307149202824e-01
-3.510067504374642794e-02
-1.513266755096851213e-01
-4.556968635208237250e-01
7.543324856799017430e-01
3.680108111672784066e-01
-8.354388462538058224e-01
1.703722966490895052e+00
-5.111250219846202869e-01
-2.152857512804768059e-01
-1.639283788882786475e+00
-5.350984440904640316e-01
5.744156710237556807e-01
6.681497180832712823e-01
1.824930083191222741e+00
9.481276100430467979e-01
5.185551749207868433e-01
-1.496270586268646285e+00
2.915720662495288606e-01
-5.003401229168862041e-02
2.982456409779284945e-01
1.132261155729114455e+00
1.647049131698438140e+00
7.729906338525743825e-01
-6.328649763754519153e-01
-1.436710504606687477e+00
-7.593587151188738726e-01
1.229264232763629616e+00
-4.381873737379051725e-01
-2.159043875547447533e-01
-5.177141749671585608e-02
-6.420341527423976125e-01
-1.284701311579343086e+00
-5.066050098448342531e-01
7.804649314304419327e-01
1.556885369739503255e-01
-4.134988664378857481e-01
-1.164224881047367655e+00
3.195643422162813274e-01
7.705582262888323319e-02
1.106026457491692927e+00
7.190094607641245306e-01
1.976782548265307415e+00
8.717838121738726853e-01
1.043130544705836771e+00
-4.382407179584529300e-01
-5.357439202263960532e-01
-5.457474073000130321e-01
-9.061046087022205375e-01
1.167971287872575786e-01
-3.508271773009372652e-01
-1.776742548949048484e+00
9.750018312461115055e-01
-1.618144471001054796e-01
3.830958811561459565e-01
8.189143341646059060e-01
1.631394658970481970e+00
2.029047854207208790e+00
-1.589522551596185052e+00
1.551153024485092402e+00
-1.305410897196994213e+00
-8.120179040612772459e-02
1.362317650576508665e+00
-9.437175901454214477e-01
-4.992316045075540498e-01
-6.279955800035180724e-01
1.570854141455582775e+00
6.750270049679887308e-01
-6.604093835290636427e-01
-9.956489918755240254e-02
-1.011072807910829541e+00
1.204167695492774082e-01
9.654129080992738254e-01
8.150404137577303698e-02
1.444546833342583714e+00
-2.842063793526731219e-01
1.642183945486363372e+00
3.104389709355455107e-01
7.604402809310313316e-01
-7.146358405156106874e-01
1.161365180430325994e-01
1.293894670704545558e+00
4.550177890015780768e-01
-1.622462131882801140e-01
5.210845398217408553e-01
-1.504285576023130511e-01
-1.229639931456373736e+00
-1.240032649985554514e+00
-8.969929360029386123e-01
-1.595295025944822864e+00
5.572634934124179873e-01
-6.005765268502446519e-01
-8.193571829325275724e-01
1.520135682849020897e+00
-2.262014210725776520e-01
1.037624543010401856e+00
-4.897066005137375999e-01
-3.122221450315454307e-03
1.120611563100828656e+00
-3.240351812459664194e-01
-1.820468049920147102e+00
-1.091692300702214125e+00
-1.007727865361643049e+00
-1.116598271288031130e+00
4.484934626747568709e-01
-1.192604652252480024e+00
-7.422141698901782991e-01
-2.295733846384446775e-01
1.774348877935378432e+00
-6.984130264311417813e-01
-6.846297962920493418e-01
8.404922880672149876e-01
3.484814176097313781e-02
