7.066160000000000000e+05
7.992236000000000000e+06
5.399304000000000000e+06
2.274776000000000000e+06
2.554214000000000000e+06
7.977377000000000000e+06
2.756415000000000000e+06
5.707218000000000000e+06
5.434952000000000000e+06
8.279874000000000000e+06
6.359411000000000000e+06
1.097295000000000000e+06
1.113909000000000000e+06
7.137046000000000000e+06
1.139839000000000000e+06
2.296696000000000000e+06
1.292300000000000000e+04
2.735315000000000000e+06
3.430973000000000000e+06
3.247834000000000000e+06
7.591709000000000000e+06
7.978546000000000000e+06
5.794243000000000000e+06
3.363185000000000000e+06
2.308834000000000000e+06
5.765997000000000000e+06
7.573237000000000000e+06
4.783494000000000000e+06
7.852000000000000000e+04
2.052898000000000000e+06
6.587372000000000000e+06
4.121887000000000000e+06
4.844002000000000000e+06
3.291046000000000000e+06
5.367866000000000000e+06
2.022561000000000000e+06
5.120534000000000000e+06
1.346520000000000000e+05
3.047834000000000000e+06
4.768777000000000000e+06
7.015646000000000000e+06
3.290060000000000000e+05
4.617556000000000000e+06
2.609176000000000000e+06
1.231895000000000000e+06
3.934555000000000000e+06
6.267335000000000000e+06
1.255445000000000000e+06
7.902748000000000000e+06
5.395098000000000000e+06
1.355938000000000000e+06
6.987795000000000000e+06
5.917830000000000000e+05
5.617130000000000000e+05
4.121699000000000000e+06
6.035060000000000000e+06
3.284550000000000000e+06
6.960290000000000000e+06
3.913533000000000000e+06
1.966756000000000000e+06
7.089107000000000000e+06
5.747840000000000000e+05
5.419361000000000000e+06
4.096355000000000000e+06
7.826324000000000000e+06
3.104500000000000000e+06
4.621956000000000000e+06
8.313499000000000000e+06
3.345529000000000000e+06
4.589468000000000000e+06
8.241830000000000000e+06
7.876399000000000000e+06
1.731088000000000000e+06
5.833030000000000000e+06
8.025779000000000000e+06
6.119368000000000000e+06
2.431711000000000000e+06
4.904444000000000000e+06
8.225410000000000000e+05
2.387544000000000000e+06
8.029013000000000000e+06
7.723000000000000000e+03
6.105230000000000000e+06
6.832817000000000000e+06
6.324104000000000000e+06
1.818747000000000000e+06
7.054210000000000000e+06
6.557038000000000000e+06
7.160003000000000000e+06
4.487970000000000000e+05
6.715446000000000000e+06
4.129916000000000000e+06
3.983360000000000000e+06
5.677986000000000000e+06
7.712470000000000000e+05
6.216117000000000000e+06
4.366310000000000000e+05
1.212681000000000000e+06
4.590188000000000000e+06
2.144528000000000000e+06
5.723944000000000000e+06
8.756810000000000000e+05
5.592120000000000000e+06
5.769214000000000000e+06
6.903447000000000000e+06
7.876660000000000000e+05
2.436732000000000000e+06
8.123051000000000000e+06
7.078966000000000000e+06
2.142492000000000000e+06
8.681520000000000000e+05
8.902610000000000000e+05
3.220121000000000000e+06
6.667417000000000000e+06
9.299840000000000000e+05
2.422781000000000000e+06
7.244413000000000000e+06
4.364592000000000000e+06
5.851359000000000000e+06
5.584736000000000000e+06
1.765344000000000000e+06
2.125516000000000000e+06
7.723933000000000000e+06
3.256949000000000000e+06
7.371676000000000000e+06
4.662680000000000000e+05
7.897300000000000000e+05
6.021292000000000000e+06
4.021110000000000000e+06
1.872632000000000000e+06
2.818096000000000000e+06
8.158821000000000000e+06
8.329609000000000000e+06
6.960889000000000000e+06
2.503700000000000000e+04
7.248944000000000000e+06
1.149843000000000000e+06
7.677403000000000000e+06
6.146600000000000000e+05
1.782931000000000000e+06
2.362160000000000000e+05
3.704215000000000000e+06
3.577864000000000000e+06
4.959283000000000000e+06
7.043703000000000000e+06
2.927830000000000000e+05
4.863881000000000000e+06
7.313389000000000000e+06
2.689537000000000000e+06
3.711160000000000000e+05
1.486107000000000000e+06
3.024283000000000000e+06
3.958439000000000000e+06
1.799180000000000000e+05
3.177791000000000000e+06
7.371676000000000000e+06
7.070150000000000000e+05
4.872945000000000000e+06
1.160910000000000000e+06
2.363918000000000000e+06
6.435107000000000000e+06
4.819211000000000000e+06
1.792485000000000000e+06
7.130032000000000000e+06
4.508157000000000000e+06
3.037207000000000000e+06
1.479675000000000000e+06
3.674259000000000000e+06
1.194540000000000000e+05
1.956109000000000000e+06
2.596047000000000000e+06
7.896890000000000000e+05
7.637681000000000000e+06
7.427243000000000000e+06
6.894896000000000000e+06
5.613836000000000000e+06
7.998407000000000000e+06
2.035598000000000000e+06
2.000967000000000000e+06
3.632997000000000000e+06
4.910716000000000000e+06
7.333851000000000000e+06
5.202250000000000000e+05
1.096840000000000000e+05
6.344461000000000000e+06
4.249770000000000000e+05
6.123661000000000000e+06
3.736200000000000000e+04
5.397358000000000000e+06
1.181960000000000000e+06
1.651520000000000000e+06
4.499506000000000000e+06
3.690781000000000000e+06
6.705237000000000000e+06
2.935285000000000000e+06
7.943203000000000000e+06
1.971100000000000000e+04
3.519608000000000000e+06
7.172029000000000000e+06
7.008075000000000000e+06
2.396600000000000000e+05
8.355237000000000000e+06
1.677021000000000000e+06
6.224390000000000000e+05
2.239180000000000000e+05
7.715342000000000000e+06
3.553921000000000000e+06
9.701190000000000000e+05
6.234354000000000000e+06
1.529652000000000000e+06
5.938951000000000000e+06
3.699316000000000000e+06
1.197402000000000000e+06
3.958470000000000000e+06
7.577189000000000000e+06
1.662049000000000000e+06
5.629138000000000000e+06
2.220399000000000000e+06
3.627317000000000000e+06
2.188667000000000000e+06
3.453451000000000000e+06
3.708683000000000000e+06
2.632432000000000000e+06
8.380290000000000000e+05
6.448570000000000000e+05
5.410786000000000000e+06
8.012014000000000000e+06
8.143750000000000000e+06
5.197234000000000000e+06
4.147346000000000000e+06
6.960786000000000000e+06
5.497389000000000000e+06
6.755194000000000000e+06
1.104555000000000000e+06
4.098369000000000000e+06
4.083924000000000000e+06
5.945456000000000000e+06
5.083810000000000000e+05
3.003230000000000000e+06
4.127435000000000000e+06
7.914807000000000000e+06
5.335320000000000000e+06
1.159160000000000000e+06
5.653771000000000000e+06
9.717670000000000000e+05
6.796056000000000000e+06
3.248709000000000000e+06
7.597788000000000000e+06
7.363519000000000000e+06
5.176028000000000000e+06
7.987459000000000000e+06
7.147894000000000000e+06
7.602909000000000000e+06
2.232323000000000000e+06
2.245559000000000000e+06
4.582174000000000000e+06
