3.112188508369050920e+06
2.272496926914224867e+06
6.029052168652957305e+06
8.057506241268577054e+06
1.765808217378831934e+06
7.806827012712543830e+06
1.902304224343185080e+06
2.769763416422244627e+06
7.989931001147904433e+06
3.366206549577678088e+06
5.172783004833851941e+06
6.778444363908520900e+06
6.294351584782402962e+06
2.517976330282446928e+06
4.622432688669498079e+06
2.378010181263312988e+05
3.766282008572481107e+06
2.823731579226972535e+06
8.174089788565206341e+06
6.565759358848013915e+06
3.871648808148293756e+06
7.008239679644188844e+06
6.996761322540287860e+06
4.243013904798388481e+06
5.806892576053503901e+06
6.332312124223523773e+06
5.867847633073067293e+06
2.283135078922165092e+06
5.319660263609067537e+06
2.608701938306226395e+06
8.149888590689759701e+06
3.519820239319861867e+06
7.506310353041588329e+06
2.739945952717414591e+06
4.617057989474206232e+06
6.260776848504548892e+06
3.769945309448849410e+06
3.033487336784220533e+05
7.452238046130685136e+06
4.169160122769959271e+06
3.271189711119945627e+06
3.682190121588806622e+06
1.964328788475620793e+06
7.712366458566322923e+06
6.096871155211105011e+06
2.560350977487439755e+06
2.114123853804227896e+06
1.909822738545141183e+06
2.820358773764299694e+05
2.332405974466858897e+06
1.657253100446442841e+06
8.309119767218481749e+06
5.388327586901035160e+06
7.777167354199677706e+06
3.111446655487747397e+06
6.746670665153895505e+06
2.473166591807713266e+06
2.576699254776790272e+06
5.521092769868674688e+06
3.630320860535686836e+06
8.030915367243165150e+06
2.176986715556940064e+06
6.532939571250629378e+05
3.937075262012119405e+06
5.079560415119192563e+06
2.769131005821017548e+06
5.771568838983711787e+06
7.076993751979637891e+06
6.162148637161590159e+05
1.326703054408148164e+06
8.245831609117504209e+06
4.140853777520309668e+06
5.218960577453390695e+06
1.018187152682377724e+06
4.760013873693156987e+06
1.103630822144919541e+06
2.233154549553664401e+06
7.493369214433030225e+06
5.104770467627364211e+06
5.411512932644127868e+06
5.961141141335976310e+06
3.961333647543076426e+06
1.388415522941669449e+06
1.566297369047185639e+06
6.650242966377077624e+06
6.929449324897218496e+06
5.416811321040617302e+06
7.765211442861044779e+06
7.563672544516999274e+06
7.848614501753143966e+06
3.220435140506559052e+06
6.007866992795084603e+06
8.330332220505135134e+06
8.122934182785499841e+06
6.337657366172027774e+06
2.385492228874712717e+06
2.220696311644258443e+06
8.273637883076927625e+06
7.933563321048228070e+06
6.696874133278066292e+05
6.411630935340608470e+06
5.000890354560178705e+06
2.792386891764576547e+06
8.075273089638300240e+06
8.076896537220852450e+06
4.061007090546134859e+06
5.177944226716993580e+04
3.808490337335224729e+06
3.080574453859047499e+06
4.798586895862055011e+06
7.101538138771421276e+06
1.414158093226449797e+06
5.439236893952194601e+06
4.342445691009669565e+06
6.427328336884988472e+06
1.944876860592981800e+06
4.983461116552957334e+06
7.103261069137393497e+06
7.734905760762974620e+06
6.657084737769698222e+03
3.265684726807774510e+06
6.573798923028282821e+06
3.530666223887040280e+06
5.374303794530438259e+06
5.722658126633511856e+06
5.471799142888559960e+06
6.490728238163834438e+06
2.588828485183520708e+06
2.970653664499500301e+05
4.516697600181214511e+06
5.441500415900138207e+06
8.358283488506263122e+06
4.540429598508072086e+06
2.245378267385849264e+06
4.922173740567969158e+06
4.387041278153819731e+05
1.025506611275518779e+06
4.587788952524164692e+06
2.670397422187543940e+06
4.232202203123808838e+06
1.810573987305620685e+06
8.283533756827461533e+06
5.230778722946554422e+06
7.440820831802049652e+06
1.362125598701894516e+06
4.144606748951916583e+06
6.867941415247734636e+06
2.706743700538935140e+06
5.885351675437721424e+06
4.939092052998233587e+06
1.997239057077050675e+06
1.409089474813391222e+06
2.939605747303433716e+06
6.016310668891310692e+06
2.634521348470027559e+06
6.843420397421974689e+06
5.445169161100786179e+06
5.125484183663656935e+06
3.544834970316437539e+06
6.186413013738262467e+06
2.082841315425859764e+06
6.067802020663844422e+06
4.138695551597195677e+06
5.995724742943813093e+06
7.727976745656317100e+06
6.167630230966596864e+06
1.247638483086427208e+06
3.297195514108400326e+06
1.911930360838823719e+06
7.202576503802770749e+06
4.402675825103252428e+05
1.532695592081721174e+06
3.712071007663434371e+06
2.646622471634650603e+06
7.808191222934734076e+06
7.371287763342700899e+06
3.736500039702467155e+06
2.144644146802497562e+06
2.967869317491310183e+06
3.047137175606258679e+06
3.973658131805943325e+06
5.067061511546965688e+06
4.141781902580137830e+05
4.406390899699352682e+06
1.881537251242273254e+06
1.517085821648195153e+06
1.105905161235331558e+06
5.693196356068332680e+06
5.964799204347153194e+06
3.331470082116518635e+06
4.311957726503238082e+06
1.512076313497547526e+06
3.901158915255177766e+06
4.228986546253655688e+05
5.819247269849488512e+06
1.914067199767272919e+06
4.288137798580650240e+06
8.331714070111231878e+06
7.252751834889505990e+06
4.694508245853407308e+06
3.211092991355867591e+06
4.375604179872860201e+06
7.057357593305075541e+06
1.668762486566064181e+06
7.355022649843705818e+06
4.497234967224829597e+05
2.213323448322945274e+06
4.954951591439634562e+06
7.782488822645786218e+06
4.755240291715530679e+06
1.229714409365399973e+06
4.036911584177991026e+05
5.204935779744911939e+06
3.540174798586727120e+06
7.526765548135002144e+06
3.636620245611093007e+06
2.974514553269814234e+06
4.467871466958393343e+06
7.920492693774762563e+06
4.650035889817656949e+06
2.739213745259277057e+06
5.019654900583961979e+06
7.254118111186687602e+05
3.500253039828710724e+06
1.513894807456131326e+06
6.259116760102994740e+06
7.219614568611782975e+06
5.027963598798282444e+06
7.717697922161269002e+06
3.072766123027829453e+06
7.154097406978012063e+06
5.595217981437891722e+06
2.865708071533771697e+06
3.437038264011048246e+06
1.013338171449554036e+06
8.062468244803952985e+06
6.619236737954023294e+06
6.650855500051094219e+06
2.648989081018290948e+06
3.281266793260840932e+05
7.150502322566705989e+05
6.779827294253936969e+06
6.140397536179354414e+06
7.131686294515222311e+06
3.368126220435494091e+06
5.258146526186418487e+05
7.579967380354136229e+06
5.482110739925083704e+06
1.544140175109432545e+06
1.506313670228629606e+06
6.707814638005131856e+06
3.582122769124386832e+06
1.678185117652141023e+06
2.255669202625786420e+06
6.598182584602755494e+06
3.136303344021286815e+06
